12200294
1900000578
1900003978
1900009214
1900024178
1900142979
1900151355
1900168795
1900173796
1900196383
1900200278
1900227052
1900276044
1900287579
1900292996
1900310428
1900330689
1900338818
1900343243
1900364301
1900365272
1900388176
1900392974
1900398471
1900405089
1900407388
1900407744
1900423061
1900424496
1900446984
1900467902
1900475607
1900477651
1900493103
1900494366
1900496499
1900532935
1900539942
1900541010
1900572591
1900596468
1900629002
1900642063
1900643822
1900652594
1900671076
1900678164
1900680742
1900702620
1910142808
1910338441
1911001758
1912013702
1912022468
1912023184
1912044051
1912052277
1912062550
1912087801
1912112600
1912133384
1912207019
1912207239
1912306898
1912311190
1912379977
1912718636
2012661620
2100123367
2100125679
2100152190
2100491608
2100568273
2112229991
2112433372
2112532511
2112630290
2300107637
2300161478
2300165304
2300271302
2300429655
2300445240
2300471543
2300580543
2300583388
2312028278
2312028620
3500546480
3500670918
3500695733
3500709845
3512018909
3512034450
3512055225
3512059419
3512084372
3512085059
3512111341
3512144695
3512147042
3512169360
3512210807
3512280909
3512292511
3512298984
3512313768
3512323408
3512344216
3512375915
3512382691
3512390373
3512412930
3512436140
3512448065
3512460136
3512481074
3512494807
3512512016
3512519837
3512521522
3512560130
3512586877
3512587183
3512590788
3512612917
3512617531
3512624538
3512624900
3512629431
3512640095
3512643434
3512643697
3512652708
3512656881
3512734868
3512741244
3512753590
3512754411
3512768318
3512776524
3712015497
3712138848
3712455517
3712608183
3812250709
4312573413
4500709516
4500712926
4512269999
